bracco0.jpg	84,44,187,147
bracco1.jpg	861,971,2107,2217
bracco2.jpg	112,84,270,242
bracco3.jpg	47,56,175,184
bracco4.jpg	124,93,318,287
bracco5.jpg	141,83,291,233
bracco6.jpg	163,106,319,262
bracco7.jpg	72,78,214,220
bracco8.jpg	282,111,385,214
bracco9.jpg	44,97,212,265
bracco10.jpg	130,71,276,217
bracco11.jpg	110,83,239,212
bracco12.jpg	196,113,355,272
bracco13.jpg	114,66,231,183
bracco14.jpg	834,876,1605,1647
bracco15.jpg	201,71,319,189
bracco16.jpg	123,135,331,343
bracco17.jpg	201,178,519,496
bracco18.jpg	534,128,983,577
bracco19.jpg	63,75,203,215
bracco20.jpg	127,91,275,239
bracco21.jpg	82,86,211,215
bracco22.jpg	328,155,689,516
bracco23.jpeg	216,43,329,156
bracco24.jpg	132,93,257,218
bracco25.jpg	26,98,193,265
bracco26.jpg	127,130,314,317
bracco27.jpg	154,87,259,192
bracco28.jpg	103,26,206,129
bracco29.jpg	128,71,285,228
bracco30.jpg	128,66,295,233
bracco31.jpg	78,82,252,256
bracco32.jpg	54,55,198,199
bracco33.jpg	275,109,419,253
bracco34.jpg	133,13,236,116
bracco35.jpg	31,42,164,175
bracco36.jpg	116,108,286,278
bracco37.jpg	169,95,361,287
bracco38.jpg	330,102,448,220
bracco39.jpg	113,83,263,233
bracco40.jpg	48,85,228,265
bracco41.jpg	44,97,212,265
bracco42.jpg	113,105,283,275
bracco43.jpg	121,82,298,259
bracco44.jpg	109,88,299,278
bracco45.jpg	184,60,295,171
bracco46.JPG	154,194,337,377
bracco47.jpg	74,88,202,216
bracco48.jpg	70,82,203,215
bracco49.jpg	103,94,281,272
bracco50.jpg	140,63,243,166
bracco51.jpg	201,179,519,497
bracco52.jpg	88,63,226,201
bracco53.jpg	88,45,191,148
bracco54.jpg	105,94,284,273
bracco55.jpg	132,49,251,168
bracco56.jpg	174,80,321,227
bracco57.jpg	175,28,282,135
bracco58.jpg	1120,427,1457,764
bracco59.jpg	138,71,294,227
bracco60.jpg	136,95,286,245
bracco61.jpg	100,79,264,243
bracco62.jpg	128,91,256,219
bracco63.jpg	101,58,295,252
bracco64.jpg	127,99,287,259
bracco65.jpg	157,126,367,336
bracco66.jpg	570,126,751,307
bracco67.jpg	83,34,186,137
bracco68.jpg	38,44,175,181
bracco69.jpg	168,45,271,148
bracco70.jpg	168,88,327,247
bracco71.jpg	105,95,285,275
bracco72.jpg	211,60,325,174
bracco73.jpg	108,82,304,278
bracco74.jpg	129,135,328,334
bracco75.jpg	95,107,220,232
bracco76.jpg	138,83,300,245
bracco77.jpg	86,113,236,263
bracco78.jpg	89,103,299,313
bracco79.jpg	99,125,353,379
bracco80.jpg	124,115,332,323
bracco81.jpg	284,11,541,268
bracco82.jpg	160,93,298,231
bracco83.jpg	89,83,208,202
bracco84.jpg	243,111,346,214
bracco85.jpg	139,66,247,174
bracco86.jpg	201,178,519,496
bracco87.jpg	153,114,301,262
bracco88.jpg	190,98,323,231
bracco89.jpg	153,144,324,315
bracco90.jpg	76,47,202,173
bracco91.jpg	120,58,232,170
bracco92.jpg	130,111,311,292
bracco93.jpg	154,58,308,212
bracco94.jpg	71,66,241,236
bracco95.jpg	220,132,387,299
bracco96.jpg	197,147,426,376
bracco97.jpg	130,119,352,341
bracco98.jpg	101,127,260,286
bracco99.jpg	121,154,296,329
bracco100.jpg	201,109,359,267
bracco101.jpg	251,80,381,210
bracco102.jpg	21,63,209,251
bracco103.jpg	138,109,271,242
bracco104.jpg	466,137,612,283
bracco105.jpg	119,114,299,294
bracco106.jpg	90,67,209,186
bracco107.jpg	130,100,306,276
bracco108.jpg	808,789,1402,1383
bracco109.jpg	113,47,263,197
bracco110.jpg	155,115,325,285
bracco111.jpg	92,106,254,268
bracco112.jpg	193,120,456,383
bracco113.jpg	124,162,242,280
bracco114.jpg	70,101,219,250
bracco115.jpg	138,66,255,183
bracco116.jpg	85,131,262,308
bracco117.jpg	444,179,622,357
bracco118.jpg	37,34,140,137
bracco119.jpg	384,109,536,261
bracco120.jpg	221,31,353,163
bracco121.jpg	149,73,260,184
bracco122.jpg	237,325,511,599
bracco123.jpg	126,88,243,205
bracco124.png	214,102,368,256
bracco125.jpg	1003,345,1261,603
bracco126.jpg	406,334,1126,1054
bracco127.jpg	83,88,240,245
bracco128.jpg	302,52,694,444
bracco129.jpg	446,245,801,600
bracco130.jpg	333,132,503,302
bracco131.jpg	123,160,328,365
bracco132.jpg	105,95,242,232
gilpin0.jpg	193,142,580,529
gilpin1.jpg	106,91,286,271
gilpin2.jpg	82,71,202,191
gilpin3.jpg	147,117,397,367
gilpin4.jpg	65,3,213,151
gilpin5.jpg	288,47,400,159
gilpin6.jpg	105,197,476,568
gilpin7.jpg	73,23,188,138
gilpin8.jpg	90,119,329,358
gilpin9.jpg	158,110,319,271
gilpin10.jpg	31,29,159,157
gilpin11.jpg	156,205,564,613
gilpin12.jpg	221,122,442,343
gilpin13.jpg	218,85,388,255
gilpin14.jpg	254,48,369,163
gilpin15.jpg	106,97,238,229
gilpin16.jpg	140,125,348,333
gilpin17.jpg	435,513,1369,1447
gilpin18.jpg	107,256,901,1050
gilpin19.jpg	91,80,234,223
gilpin20.jpg	216,188,463,435
gilpin21.jpg	280,37,389,146
gilpin22.jpg	228,48,351,171
gilpin23.jpg	169,138,542,511
gilpin24.JPG	38,45,169,176
gilpin25.jpg	234,90,429,285
gilpin26.jpg	292,104,520,332
gilpin27.jpg	140,106,262,228
gilpin28.jpg	60,89,195,224
gilpin29.jpg	44,128,244,328
gilpin30.jpg	135,139,366,370
gilpin31.jpg	167,104,383,320
gilpin32.jpg	546,145,734,333
gilpin33.jpg	145,77,289,221
gilpin34.jpg	133,101,287,255
gilpin35.jpg	94,33,211,150
gilpin36.jpg	114,90,331,307
gilpin37.jpg	86,112,217,243
gilpin38.jpg	306,62,439,195
gilpin39.jpg	141,104,292,255
gilpin40.jpg	25,88,167,230
gilpin41.jpg	148,116,352,320
gilpin42.jpg	72,71,206,205
gilpin43.jpg	76,44,192,160
gilpin44.jpg	95,124,342,371
gilpin45.jpg	76,30,179,133
gilpin46.jpg	253,38,361,146
gilpin47.jpg	153,49,259,155
gilpin48.jpg	371,751,556,936
gilpin49.jpg	22,20,163,161
gilpin50.jpg	111,93,277,259
gilpin51.jpg	17,66,139,188
gilpin52.jpg	191,108,309,226
gilpin53.jpg	319,154,422,257
gilpin54.jpg	61,34,167,140
gilpin55.jpg	346,60,466,180
gilpin56.jpg	101,108,312,319
gilpin57.jpg	86,110,304,328
gilpin58.jpg	15,38,129,152
gilpin59.jpg	208,86,366,244
gilpin60.jpg	71,50,185,164
gilpin61.jpg	70,133,347,410
gilpin62.jpg	76,44,192,160
gilpin63.jpg	408,125,578,295
gilpin64.jpg	128,86,262,220
gilpin65.jpg	232,64,345,177
gilpin66.jpg	126,52,264,190
gilpin67.jpg	415,129,669,383
gilpin68.jpg	657,114,825,282
gilpin69.jpg	45,39,155,149
gilpin70.jpg	85,81,257,253
gilpin71.jpg	78,72,199,193
gilpin72.jpg	489,115,620,246
gilpin73.jpg	71,53,208,190
gilpin74.jpg	460,260,768,568
gilpin75.jpg	301,236,448,383
gilpin76.jpg	73,95,268,290
gilpin77.jpg	344,128,453,237
gilpin78.jpg	503,214,658,369
gilpin79.jpg	195,54,311,170
gilpin80.jpg	122,86,242,206
gilpin81.jpg	196,140,310,254
gilpin82.jpg	101,120,265,284
gilpin83.jpg	92,50,203,161
gilpin84.jpg	72,28,184,140
gilpin85.jpg	416,420,675,679
gilpin86.jpg	84,31,192,139
gilpin87.jpg	125,51,233,159
gilpin88.jpg	75,71,205,201
gilpin89.jpg	114,96,227,209
gilpin90.jpg	190,73,301,184
gilpin91.jpg	324,56,427,159
gilpin92.jpg	82,40,194,152
gilpin93.jpg	107,123,258,274
gilpin94.jpg	144,77,262,195
gilpin95.jpg	754,144,962,352
gilpin96.jpg	57,76,175,194
gilpin97.jpg	138,60,266,188
gilpin98.jpg	91,92,234,235
gilpin99.jpg	627,99,831,303
gilpin100.jpg	62,66,183,187
gilpin101.jpg	192,58,307,173
gilpin102.jpg	1248,457,1621,830
gilpin103.jpg	37,30,257,250
gilpin104.jpg	64,82,244,262
gilpin105.jpg	86,96,278,288
gilpin106.jpg	283,78,404,199
gilpin107.jpg	37,40,154,157
gilpin108.jpg	144,75,262,193
gilpin109.jpg	189,64,299,174
gilpin110.jpg	112,42,223,153
gilpin111.jpg	91,106,266,281
gilpin112.jpg	235,78,355,198
gilpin113.jpg	93,50,205,162
gilpin114.jpg	347,58,497,208
gilpin115.jpg	240,23,482,265
gilpin116.jpg	58,70,181,193
gilpin117.jpg	11,33,114,136
gilpin118.jpg	48,72,247,271
gilpin119.jpg	185,61,292,168
gilpin120.jpg	310,37,437,164
gilpin121.jpg	48,43,158,153
harmon0.jpg	59,14,167,122
harmon1.jpg	131,67,270,206
harmon2.jpg	96,37,224,165
harmon3.jpg	557,470,1118,1031
harmon4.jpg	644,448,1497,1301
harmon5.jpg	244,228,554,538
harmon6.jpg	482,290,922,730
harmon7.jpg	107,92,334,319
harmon8.jpg	285,363,809,887
harmon9.jpg	136,148,342,354
harmon10.jpg	224,375,709,860
harmon11.jpg	828,769,1955,1896
harmon12.jpg	456,434,1473,1451
harmon13.jpg	115,142,295,322
harmon14.jpg	130,36,233,139
harmon15.jpg	112,64,235,187
harmon16.jpg	73,33,181,141
harmon17.jpg	563,503,951,891
harmon18.jpg	866,469,1630,1233
harmon19.jpg	105,66,267,228
harmon20.jpg	210,181,406,377
harmon21.png	151,55,329,233
harmon22.jpg	463,359,1584,1480
harmon23.jpg	697,464,1413,1180
harmon24.jpg	416,115,619,318
harmon25.jpg	158,138,376,356
harmon26.jpg	334,203,708,577
harmon27.jpg	284,304,807,827
harmon28.jpg	63,52,176,165
harmon29.jpg	172,184,518,530
harmon30.jpg	333,569,1514,1750
harmon31.jpg	107,61,226,180
harmon32.jpg	79,83,223,227
harmon33.jpg	292,267,723,698
harmon34.jpg	513,85,638,210
harmon35.jpg	107,38,212,143
harmon36.png	103,62,384,343
harmon37.jpg	145,128,347,330
harmon38.jpg	528,157,828,457
harmon39.jpg	157,62,307,212
harmon40.jpg	440,263,754,577
harmon41.jpg	545,459,1324,1238
harmon42.jpg	51,66,177,192
harmon43.jpg	474,427,830,783
harmon44.jpg	112,55,235,178
harmon45.jpg	95,53,207,165
harmon46.jpg	132,95,278,241
harmon47.jpg	675,316,990,631
harmon48.jpg	122,124,288,290
harmon49.jpg	192,154,680,642
harmon50.jpg	361,179,695,513
harmon51.jpg	85,120,296,331
harmon52.jpg	217,96,390,269
harmon53.jpg	117,67,242,192
harmon54.jpg	336,121,450,235
harmon55.jpg	519,79,751,311
harmon56.jpg	355,224,764,633
harmon57.jpg	186,83,374,271
harmon58.jpg	64,120,216,272
harmon59.jpg	103,112,345,354
harmon60.jpg	79,85,246,252
harmon61.jpg	468,526,1387,1445
harmon62.jpg	475,218,750,493
harmon63.jpg	136,119,277,260
harmon64.jpg	509,315,810,616
harmon65.jpg	836,354,1118,636
harmon66.jpg	113,70,258,215
harmon67.jpg	1675,525,2733,1583
harmon68.jpg	247,124,355,232
harmon69.jpg	63,57,193,187
harmon70.jpg	193,146,599,552
harmon71.jpg	232,394,778,940
harmon72.jpg	125,62,258,195
harmon73.jpg	175,235,446,506
harmon74.jpg	129,88,274,233
harmon75.jpg	133,63,256,186
harmon76.jpg	184,174,592,582
harmon77.jpg	298,172,594,468
harmon78.jpg	165,146,363,344
harmon79.jpg	277,465,826,1014
harmon80.jpg	247,159,544,456
harmon81.jpg	542,245,922,625
harmon82.jpg	324,64,434,174
harmon83.jpg	39,59,153,173
harmon84.jpg	542,233,809,500
harmon85.jpg	97,62,202,167
harmon86.jpg	276,194,381,299
harmon87.jpg	260,178,371,289
harmon88.jpg	133,40,245,152
harmon89.jpg	145,182,428,465
harmon90.jpg	305,280,878,853
harmon91.jpg	272,424,912,1064
harmon92.jpg	243,193,511,461
harmon93.jpg	405,25,596,216
harmon94.jpg	163,91,334,262
harmon95.jpg	191,565,480,854
harmon96.jpg	557,470,1118,1031
harmon97.jpg	677,374,1138,835
harmon98.jpg	504,573,1244,1313
harmon99.jpg	120,237,528,645
harmon100.jpg	144,73,268,197
harmon101.jpg	406,438,948,980
harmon102.jpg	118,123,330,335
harmon103.jpg	214,120,444,350
harmon104.jpg	608,172,821,385
harmon105.jpg	132,93,290,251
harmon106.jpg	305,157,605,457
harmon107.jpg	153,167,451,465
harmon108.jpg	90,30,193,133
harmon109.jpg	501,138,717,354
harmon110.jpg	156,104,440,388
harmon111.jpg	318,93,426,201
harmon112.jpg	651,823,1776,1948
harmon113.jpg	85,83,255,253
harmon114.jpg	647,438,884,675
harmon115.jpg	240,81,386,227
harmon116.jpg	399,121,673,395
harmon117.jpg	71,44,177,150
harmon118.jpg	436,943,1852,2359
harmon119.jpg	184,123,352,291
harmon120.jpg	93,56,230,193
harmon121.jpg	169,88,329,248
harmon122.jpg	100,106,214,220
harmon123.jpg	269,116,511,358
harmon124.jpg	162,99,354,291
harmon125.jpg	92,28,195,131
harmon126.jpg	275,165,386,276
harmon127.jpg	132,231,649,748
harmon128.jpg	171,86,290,205
harmon129.jpg	469,94,579,204
harmon130.jpeg	275,266,920,911
harmon131.jpg	759,397,1121,759
harmon132.jpg	259,330,828,899
harmon133.jpg	421,176,649,404
harmon134.jpg	187,84,375,272
harmon135.jpg	232,91,405,264
harmon136.jpg	92,130,341,379
harmon137.jpg	217,99,375,257
harmon138.jpg	316,99,484,267
harmon139.jpg	146,131,338,323
harmon140.jpg	125,133,296,304
harmon141.jpg	673,122,934,383
harmon142.jpg	961,170,1188,397
harmon143.jpg	131,74,265,208
harmon144.jpg	172,45,279,152
harmon145.jpg	453,183,641,371
harmon146.jpg	437,160,551,274
harmon147.jpg	114,113,262,261
harmon148.jpg	63,68,225,230
harmon149.jpg	604,164,765,325
harmon150.JPG	479,119,625,265
harmon151.jpg	167,179,393,405
harmon152.jpg	156,106,317,267
harmon153.jpg	440,183,688,431
harmon154.jpg	250,88,420,258
harmon155.jpg	298,171,549,422
harmon156.jpg	528,315,871,658
harmon157.jpg	684,75,822,213
harmon158.jpg	86,79,257,250
harmon159.JPG	286,59,465,238
harmon160.png	118,67,242,191
harmon161.jpg	125,64,304,243
harmon162.jpg	310,110,514,314
